-8.568820357322692871e-02
-3.220877349376678467e-01
6.022276282310485840e-01
5.835939645767211914e-01
-5.735121965408325195e-01
-4.438061118125915527e-01
8.369809389114379883e-02
-1.534461677074432373e-01
-7.978597283363342285e-02
5.608338117599487305e-01
1.404651701450347900e-01
3.086475729942321777e-01
4.031133651733398438e-01
1.706278324127197266e-01
1.420555710792541504e-01
-1.670486479997634888e-01
-1.459234654903411865e-01
-4.776494801044464111e-01
-5.711960196495056152e-01
3.892112970352172852e-01
-5.530827045440673828e-01
5.481789112091064453e-01
4.637996852397918701e-01
5.638760328292846680e-01
-4.779939055442810059e-01
1.628623530268669128e-02
1.072334498167037964e-01
-4.979868829250335693e-01
-3.908412158489227295e-01
5.653053522109985352e-01
-4.090306162834167480e-01
2.431407868862152100e-01
-2.085386812686920166e-01
-4.370451569557189941e-01
-5.990991368889808655e-02
2.258784770965576172e-01
5.920809507369995117e-02
4.445383250713348389e-01
-1.875927150249481201e-01
-4.673571586608886719e-01
-6.287552714347839355e-01
1.330285705626010895e-02
-4.050260782241821289e-01
4.625847637653350830e-01
-4.676250517368316650e-01
-2.285355329513549805e-01
5.820021629333496094e-01
2.142989933490753174e-01
2.120349705219268799e-01
1.193113774061203003e-01
2.256003618240356445e-01
-3.079639188945293427e-02
-1.393338590860366821e-01
-4.456653818488121033e-02
8.158358931541442871e-02
-1.593776494264602661e-01
-1.634688824415206909e-01
-4.968464374542236328e-03
9.022188186645507812e-02
-4.358816742897033691e-01
-5.734483003616333008e-01
-3.613644540309906006e-01
4.549523591995239258e-01
6.050658822059631348e-01
-5.982392430305480957e-01
-4.769543111324310303e-01
-3.457323461771011353e-02
6.859284639358520508e-01
2.708118855953216553e-01
2.781245112419128418e-01
-5.201862659305334091e-03
-2.214844375848770142e-01
-5.965080261230468750e-01
3.165391087532043457e-01
-3.928801715373992920e-01
-5.362868905067443848e-01
-1.862777620553970337e-01
1.327902972698211670e-01
-2.338583171367645264e-01
-1.028801500797271729e-01
-3.695141077041625977e-01
1.751595363020896912e-02
5.648280382156372070e-01
1.484361588954925537e-01
9.510128200054168701e-02
6.202048063278198242e-01
1.185748130083084106e-01
4.466983973979949951e-01
-4.435850083827972412e-01
-5.175871849060058594e-01
3.163599371910095215e-01
-4.897524714469909668e-01
1.168535873293876648e-01
-3.030504882335662842e-01
1.733768433332443237e-01
2.820807695388793945e-01
2.229120731353759766e-01
5.024594068527221680e-01
3.333307206630706787e-01
-2.279312908649444580e-01
2.130992477759718895e-03
-7.674647122621536255e-02
3.540326356887817383e-01
-6.663873195648193359e-01
-5.992036461830139160e-01
5.006275773048400879e-01
-5.877625942230224609e-01
-5.023764818906784058e-02
2.354401722550392151e-02
-1.000930741429328918e-01
2.522915303707122803e-01
-3.764569163322448730e-01
1.063574030995368958e-01
-2.160949409008026123e-01
5.728535652160644531e-01
-2.040010243654251099e-01
2.661573588848114014e-01
-4.425080120563507080e-01
-2.534472346305847168e-01
4.387292861938476562e-01
-6.953516006469726562e-01
3.165380656719207764e-01
-3.403297662734985352e-01
-3.445578217506408691e-01
-4.556457400321960449e-01
7.225055247545242310e-03
-3.683851957321166992e-01
3.894827067852020264e-01
2.879124879837036133e-01
3.766224682331085205e-01
5.340550541877746582e-01
6.170642748475074768e-02
2.594200372695922852e-01
-2.161646783351898193e-01
8.487638086080551147e-02
-2.142415195703506470e-01
1.781834512948989868e-01
8.965490013360977173e-02
5.553457140922546387e-01
2.345248460769653320e-01
-5.682354569435119629e-01
-3.455579578876495361e-01
-3.093298673629760742e-01
6.129984185099601746e-02
-6.416578292846679688e-01
1.697403490543365479e-01
4.430081844329833984e-01
-3.950748145580291748e-01
-6.336422562599182129e-01
6.175607442855834961e-01
7.659298926591873169e-02
1.221379116177558899e-01
8.494323492050170898e-02
-3.186114728450775146e-01
-2.158986628055572510e-01
-1.213052049279212952e-01
-2.259076759219169617e-02
7.533985772170126438e-04
-9.205457754433155060e-03
5.206282064318656921e-02
6.994565576314926147e-02
2.301045954227447510e-01
1.375505328178405762e-01
3.197158575057983398e-01
-9.427756071090698242e-02
-7.132560759782791138e-02
5.302464962005615234e-02
9.351698309183120728e-02
-8.229359984397888184e-02
1.271402388811111450e-01
9.048590809106826782e-02
1.720315665006637573e-01
-1.361021399497985840e-01
7.750953733921051025e-02
-1.124187856912612915e-01
2.155116200447082520e-01
-1.735336147248744965e-02
1.670924597419798374e-03
-3.353450819849967957e-02
8.402606099843978882e-02
-1.082753669470548630e-02
6.406565755605697632e-02
-1.549358963966369629e-01
1.130829378962516785e-02
-6.832025200128555298e-02
-1.107032448053359985e-01
-1.122710779309272766e-01
2.891386672854423523e-02
-2.777724526822566986e-02
1.337615102529525757e-01
5.100737139582633972e-02
7.828969508409500122e-02
-6.725355237722396851e-02
1.726925373077392578e-02
-8.446969836950302124e-02
1.104418784379959106e-01
-1.195694208145141602e-01
-4.664821084588766098e-03
-4.881142452359199524e-02
-8.570882678031921387e-02
1.579577475786209106e-02
