3.292308747768402100e-01
-1.437274366617202759e-01
5.624985694885253906e-01
-7.228927612304687500e-01
-4.965290427207946777e-01
5.689957737922668457e-01
4.054830074310302734e-01
-7.964187860488891602e-01
6.281901150941848755e-02
-2.154078036546707153e-01
-6.591221094131469727e-01
-9.832308292388916016e-01
-8.212751895189285278e-02
-8.170750737190246582e-01
4.907429516315460205e-01
-1.311391294002532959e-01
-1.225885152816772461e+00
-4.759154319763183594e-01
-8.397002220153808594e-01
-5.595826506614685059e-01
-5.213105082511901855e-01
-6.861935257911682129e-01
1.321992129087448120e-01
7.072820663452148438e-01
7.431227564811706543e-01
-4.047499597072601318e-01
4.057786762714385986e-01
-2.878197431564331055e-01
-6.936319470405578613e-01
7.456618547439575195e-01
-8.442953228950500488e-01
3.328855037689208984e-01
-8.250018954277038574e-01
-4.444225728511810303e-01
-1.771903634071350098e-01
5.378111600875854492e-01
-7.646919786930084229e-02
1.733982712030410767e-01
5.453003048896789551e-01
2.071237117052078247e-01
7.563656568527221680e-01
5.897345542907714844e-01
-2.231254726648330688e-01
9.110202789306640625e-01
4.715510178357362747e-03
-1.267873883247375488e+00
-3.513494729995727539e-01
-8.208619356155395508e-01
5.815842747688293457e-01
-3.377287089824676514e-01
-1.076371595263481140e-01
6.013397499918937683e-02
9.209566116333007812e-01
-6.091279387474060059e-01
-2.792888693511486053e-02
2.920912392437458038e-02
6.731411218643188477e-01
1.050399065017700195e+00
5.179957747459411621e-01
2.770487070083618164e-01
2.468334287405014038e-01
8.601012229919433594e-01
-7.638774514198303223e-01
-1.490917801856994629e-01
1.906239055097103119e-02
3.455003798007965088e-01
7.136600557714700699e-03
-1.199207544326782227e+00
-1.399686485528945923e-01
1.336026191711425781e-01
2.520643174648284912e-01
2.574000954627990723e-01
-5.575993061065673828e-01
-5.526823997497558594e-01
1.551764458417892456e-01
8.481142520904541016e-01
4.168609678745269775e-01
2.248186469078063965e-01
-9.042011499404907227e-01
-4.453629553318023682e-01
-1.284394502639770508e+00
1.120016098022460938e+00
8.040656894445419312e-02
7.560739517211914062e-01
7.417342811822891235e-02
-1.731830239295959473e-01
-4.774148166179656982e-01
1.826430559158325195e-01
8.818664550781250000e-01
1.629973053932189941e-01
9.250419139862060547e-01
8.345043063163757324e-01
-1.678660064935684204e-01
-1.422309875488281250e-02
1.888900399208068848e-01
-6.462982892990112305e-01
-2.386356741189956665e-01
-8.846088498830795288e-02
5.209076404571533203e-01
-9.740324020385742188e-01
1.726702749729156494e-01
9.969797134399414062e-01
8.849953413009643555e-01
-6.413276791572570801e-01
-9.282336235046386719e-01
1.867802441120147705e-01
6.948684453964233398e-01
8.301058411598205566e-02
7.420310974121093750e-01
-6.010503768920898438e-01
-5.296925902366638184e-01
-1.034758925437927246e+00
-1.102112650871276855e+00
-1.219987571239471436e-01
-1.273705065250396729e-01
-2.734397053718566895e-01
2.783491611480712891e-01
-7.973806560039520264e-02
6.188673898577690125e-02
5.396298170089721680e-01
7.551839351654052734e-01
9.093384146690368652e-01
3.886836767196655273e-01
-5.153416991233825684e-01
-6.343340277671813965e-01
-4.126759767532348633e-01
-4.725500643253326416e-01
-4.244117438793182373e-01
9.042960405349731445e-01
1.138617753982543945e+00
4.963621795177459717e-01
4.052083790302276611e-01
2.038143277168273926e-01
5.720958113670349121e-01
-6.486045122146606445e-01
-8.748044371604919434e-01
6.391004920005798340e-01
3.592418432235717773e-01
-4.516165852546691895e-01
-4.826646745204925537e-01
3.513681888580322266e-01
1.036559462547302246e+00
5.132660865783691406e-01
2.699025869369506836e-01
6.068919301033020020e-01
4.686286449432373047e-01
-1.969497799873352051e-01
9.496634602546691895e-01
-2.616507709026336670e-01
2.217606604099273682e-01
-3.524518609046936035e-01
2.535246610641479492e-01
-3.723201751708984375e-01
2.513569116592407227e+00
-2.970461547374725342e-01
-7.471941113471984863e-01
-9.925314188003540039e-01
-7.598421573638916016e-01
-1.240449324250221252e-01
2.457841038703918457e-01
1.127421617507934570e+00
4.331302344799041748e-01
1.306967586278915405e-01
3.672295510768890381e-01
3.593590557575225830e-01
-1.425064444541931152e+00
2.290157824754714966e-01
-2.176210135221481323e-01
2.438585460186004639e-01
-3.189067542552947998e-01
-1.144658446311950684e+00
9.961084276437759399e-02
-5.504729151725769043e-01
4.986776784062385559e-02
8.239555954933166504e-01
-2.861425578594207764e-01
5.047815799713134766e+00
5.211412310600280762e-01
9.451563656330108643e-02
-4.358301460742950439e-01
-1.076650261878967285e+00
2.097873389720916748e-02
1.457287371158599854e-01
-7.495183348655700684e-01
1.142079710960388184e+00
-4.404828548431396484e-01
4.892314672470092773e-01
1.347303748130798340e+00
1.330141574144363403e-01
1.100633442401885986e-01
4.111641943454742432e-01
7.073956131935119629e-01
1.688603311777114868e-01
-2.307546734809875488e-01
6.903954148292541504e-01
5.406470298767089844e-01
-3.607273697853088379e-01
-3.687998056411743164e-01
-7.962309122085571289e-01
1.920123845338821411e-01
1.856209188699722290e-01
