4.663730561733245850e-01
-2.824839651584625244e-01
3.544981777667999268e-01
-2.589915096759796143e-01
-6.788867115974426270e-01
-5.353953838348388672e-01
3.324221074581146240e-02
-5.543369650840759277e-01
-4.660848975181579590e-01
-5.706754922866821289e-01
-1.030304878950119019e-01
-4.664431512355804443e-01
8.118571341037750244e-02
-2.692933380603790283e-01
4.330411553382873535e-01
4.269718825817108154e-01
-4.291396141052246094e-01
-1.610378175973892212e-01
8.071197867393493652e-01
3.380725383758544922e-01
3.969182670116424561e-01
-6.215308904647827148e-01
-1.635110378265380859e-01
2.982163727283477783e-01
5.016296356916427612e-02
9.853700548410415649e-02
9.648346900939941406e-02
1.299413591623306274e-01
3.722985982894897461e-01
4.481470678001642227e-03
8.359859883785247803e-02
-3.358279168605804443e-01
-1.570608019828796387e-01
3.098587393760681152e-01
-6.927643418312072754e-01
-2.470287680625915527e-02
-4.263172447681427002e-01
-1.536191254854202271e-01
-1.147814691066741943e-01
-2.676607668399810791e-01
-3.309376239776611328e-01
-4.958515614271163940e-02
-5.526111125946044922e-01
-1.464648991823196411e-01
1.760157048702239990e-01
2.156058698892593384e-01
-4.915879070758819580e-01
-5.464898943901062012e-01
-2.442305535078048706e-02
4.883525669574737549e-01
-3.863977491855621338e-01
-1.273259967565536499e-01
-2.741380780935287476e-02
5.234545469284057617e-01
-6.100130081176757812e-02
1.431052088737487793e-01
-5.738501548767089844e-01
6.425125598907470703e-01
5.467503070831298828e-01
-1.115829572081565857e-01
4.380667507648468018e-01
6.585966348648071289e-01
6.512688994407653809e-01
-6.558497995138168335e-02
-6.009863018989562988e-01
2.173384875059127808e-01
-3.386838436126708984e-01
4.506353139877319336e-01
4.128215461969375610e-02
1.667936332523822784e-03
-3.410487771034240723e-01
-6.183940172195434570e-01
-5.765722393989562988e-01
-6.406908035278320312e-01
3.167795836925506592e-01
-4.962640702724456787e-01
-2.527873218059539795e-01
-5.592141747474670410e-01
4.615689218044281006e-01
5.009827613830566406e-01
-2.633727490901947021e-01
-6.548106074333190918e-01
4.139602482318878174e-01
-2.574031352996826172e-01
-5.442299246788024902e-01
-1.578823029994964600e-01
-9.173189848661422729e-02
-2.818280756473541260e-01
-1.309857815504074097e-01
2.948503009974956512e-02
-1.263858824968338013e-01
-6.341605186462402344e-01
5.477797389030456543e-01
-5.838153958320617676e-01
-1.224690973758697510e-01
5.132824927568435669e-02
-7.686731964349746704e-02
-3.294931352138519287e-01
5.860542654991149902e-01
1.891654282808303833e-01
-6.238951086997985840e-01
3.475911319255828857e-01
-5.669539794325828552e-03
5.732201933860778809e-01
-5.019435286521911621e-01
-2.470132559537887573e-01
6.119998693466186523e-01
2.526732981204986572e-01
3.513846397399902344e-01
-6.514324545860290527e-01
-4.348124861717224121e-01
4.623162150382995605e-01
-7.245103269815444946e-02
-2.963501513004302979e-01
-2.862519323825836182e-01
5.320138335227966309e-01
1.686749607324600220e-01
-5.366173386573791504e-01
3.671145811676979065e-02
2.872898280620574951e-01
-1.677866578102111816e-01
4.915189743041992188e-01
4.838314354419708252e-01
2.328257113695144653e-01
3.188661634922027588e-01
-2.319605499505996704e-01
2.334667891263961792e-01
-1.547952294349670410e-01
-1.519320812076330185e-02
-1.604589223861694336e-01
-5.556891560554504395e-01
3.988391160964965820e-01
4.641728997230529785e-01
6.455302238464355469e-01
-5.998882651329040527e-01
3.978857398033142090e-01
-4.861623942852020264e-01
4.124308526515960693e-01
1.565522998571395874e-01
-5.520477294921875000e-01
-5.411769747734069824e-01
-3.737122714519500732e-01
-4.875787794589996338e-01
-8.756671100854873657e-02
2.211285978555679321e-01
-4.162281751632690430e-01
-1.179580464959144592e-01
-1.542711257934570312e-02
2.974665164947509766e-02
-3.724140226840972900e-01
-1.574218422174453735e-01
2.408853918313980103e-01
-9.419107437133789062e-02
-3.048568665981292725e-01
4.637169837951660156e-02
-9.464760124683380127e-02
-2.492712289094924927e-01
2.846117615699768066e-01
-9.110788255929946899e-02
-2.350014448165893555e-01
9.867787361145019531e-02
2.273343354463577271e-01
-4.828007426112890244e-03
9.608169645071029663e-02
1.159023046493530273e-01
-2.189527004957199097e-01
2.810403518378734589e-02
1.311133056879043579e-01
3.845135867595672607e-02
-2.638795375823974609e-01
-2.065877467393875122e-01
2.389801479876041412e-02
1.418026089668273926e-01
-7.686054706573486328e-02
-1.790297925472259521e-01
9.065450727939605713e-02
-4.444092214107513428e-01
-6.671289354562759399e-02
-3.815020620822906494e-02
1.440408406779170036e-03
2.328365892171859741e-01
-2.330894209444522858e-02
1.883305758237838745e-01
4.396096244454383850e-02
1.086849868297576904e-01
-4.231609776616096497e-02
1.517283916473388672e-01
1.287042200565338135e-01
-4.216655343770980835e-02
1.842882186174392700e-01
-1.875389963388442993e-01
-7.702849805355072021e-02
1.447511836886405945e-02
1.986151635646820068e-01
-2.644664943218231201e-01
-3.701836243271827698e-02
-2.043795138597488403e-01
2.659670710563659668e-01
-4.769383370876312256e-02
-6.823128461837768555e-02
5.872930213809013367e-02
