3.688240423798561096e-02
1.662006974220275879e-01
-1.125034391880035400e-01
-8.778027258813381195e-03
-9.001801721751689911e-03
-1.526638306677341461e-02
-8.832498821220724494e-08
4.513634337399707874e-07
-1.206643937621265650e-04
7.685829401016235352e-01
-3.219886422157287598e-01
-1.875646412372589111e-01
-2.341319769620895386e-01
-1.271996796131134033e-01
-3.150073587894439697e-01
-1.550387992210744414e-06
-8.297789463540539145e-06
-2.224839408881962299e-04
-8.667203187942504883e-01
-6.952597498893737793e-01
2.958089411258697510e-01
-4.542008340358734131e-01
2.931387722492218018e-01
8.626406639814376831e-02
4.187390700849391578e-08
1.415802319826298117e-08
-2.406073349447979126e-07
-7.070391347951954231e-07
8.058939897637173999e-07
-6.612267043237807229e-06
-3.731135725975036621e-01
1.298198997974395752e-01
8.958110958337783813e-02
-2.274114824831485748e-02
7.266863249242305756e-03
-3.112243302166461945e-02
4.983607828617095947e-01
9.965560436248779297e-01
-9.521787613630294800e-02
-9.603711962699890137e-02
-8.412480950355529785e-01
-2.847187221050262451e-01
-4.846380907110869884e-04
-5.691082333214581013e-04
-2.401076024398207664e-03
-3.164058348659182229e-09
-1.866920784632242203e-10
-1.221087018166144844e-07
-8.925914880819618702e-04
-3.172195982187986374e-03
-6.391915492713451385e-03
1.084879599511623383e-02
4.754887819290161133e-01
-6.587386131286621094e-01
-9.770330100522528483e-10
-1.548010886143202924e-10
-3.291539929506370754e-09
3.082722425460815430e-01
-1.816286295652389526e-01
-5.012014508247375488e-01
2.407226115465164185e-01
-8.262813836336135864e-02
4.087835550308227539e-01
-1.468708276748657227e+00
-5.773967504501342773e-01
-7.502231597900390625e-01
8.642354607582092285e-01
-5.377759337425231934e-01
-1.657499521970748901e-01
-4.550680052489042282e-03
-1.063054054975509644e-02
-2.614053897559642792e-02
-9.365600347518920898e-01
-9.354274868965148926e-01
2.522968947887420654e-01
-9.931143373250961304e-03
1.447922550141811371e-03
-2.652020938694477081e-02
-3.137683570384979248e-01
2.480204217135906219e-02
-2.658440172672271729e-01
6.194931268692016602e-01
-1.853950321674346924e-01
-6.844019293785095215e-01
3.359172344207763672e-01
5.671881437301635742e-01
-3.743551671504974365e-01
3.271739929914474487e-02
7.424755692481994629e-01
-1.028789058327674866e-01
-4.439738094806671143e-01
1.189834251999855042e-01
2.739879190921783447e-01
6.894051432609558105e-01
-5.011014938354492188e-01
-7.046923637390136719e-01
8.000984053069259971e-06
-1.089788747776765376e-05
-4.613245255313813686e-05
-5.160155706107616425e-03
-1.391772180795669556e-03
-1.436153706163167953e-02
-7.020851969718933105e-01
-3.997065424919128418e-01
2.713302895426750183e-02
7.965418696403503418e-01
5.914292335510253906e-01
-2.607458233833312988e-01
5.071375519037246704e-03
1.761323586106300354e-02
-2.994294092059135437e-02
-9.142892807722091675e-02
-1.213780641555786133e-01
5.345895886421203613e-02
-9.937209486961364746e-01
-5.377855300903320312e-01
-1.296315431594848633e+00
8.140895515680313110e-02
3.953768014907836914e-01
3.258470892906188965e-01
4.668580368161201477e-03
-1.994205173105001450e-03
-1.205680891871452332e-02
-1.829270617038312183e-16
-1.930062148514447018e-13
-3.466414004796303239e-12
-4.108809828758239746e-01
2.642694711685180664e-01
1.755316406488418579e-01
-2.365232385318308080e-18
-4.606638314479265576e-17
-1.938895053399392054e-07
-3.305903373984619975e-05
-4.546417695035504113e-21
-1.947401178767904639e-04
-3.590888977050781250e-01
2.091075293719768524e-02
-3.161600232124328613e-01
9.168786928057670593e-03
6.244248710572719574e-03
-1.636021211743354797e-02
-7.001617550849914551e-01
3.545681759715080261e-02
-4.697168469429016113e-01
4.737108051776885986e-01
7.001031637191772461e-01
-4.379256665706634521e-01
-7.114522457122802734e-01
-8.855484127998352051e-01
-2.354863733053207397e-01
-8.413911610841751099e-02
5.069450940936803818e-03
-2.150140644516795874e-04
-6.911193728446960449e-01
3.504190742969512939e-01
1.676108659012243152e-04
-9.436528682708740234e-01
4.006580710411071777e-01
1.055317170539638028e-06
9.169173608825076371e-06
-2.626927495002746582e-01
3.497437341138720512e-03
-7.571449875831604004e-01
-7.853900194168090820e-01
-5.340517032891511917e-03
-1.354077994619728997e-06
2.990880457218736410e-04
6.788738369941711426e-01
-4.229677053046998481e-09
-5.354954004287719727e-01
-3.277157545089721680e-01
-1.680120944976806641e+00
8.208125829696655273e-01
3.789234207943081856e-03
1.059936165809631348e+00
1.403009612113237381e-02
2.786220312118530273e-01
-8.579273819923400879e-01
-6.124891042709350586e-01
-5.617303252220153809e-01
3.614229559898376465e-01
1.008776307106018066e+00
2.390002009633462876e-05
-4.064092878252267838e-03
6.585655808448791504e-01
-8.390867710113525391e-01
-1.004167366772890091e-03
-3.765444457530975342e-02
1.680486679077148438e+00
3.372330963611602783e-01
-5.728914984501898289e-04
3.259144023104454391e-06
3.508044183254241943e-01
1.359011889690009411e-06
1.611811749171465635e-04
3.559377789497375488e-01
3.575658192858099937e-03
6.949863433837890625e-01
-8.262599110603332520e-01
1.075951933860778809e+00
2.487863181158900261e-03
