-1.610339134931564331e-01
5.253053307533264160e-01
1.577692747116088867e+00
-8.380599617958068848e-01
3.684397637844085693e-01
-5.527399778366088867e-01
-1.181379780173301697e-01
1.824252486228942871e+00
-1.997847557067871094e-01
-1.289871986955404282e-02
6.602213382720947266e-01
1.225783377885818481e-01
-2.426167249679565430e+00
5.965016409754753113e-02
4.539369940757751465e-01
-5.659718513488769531e-01
-2.346286326646804810e-01
2.460295200347900391e+00
-5.130885243415832520e-01
6.215755268931388855e-02
1.049091696739196777e+00
5.080503821372985840e-01
9.905989170074462891e-01
5.249854922294616699e-01
3.722547888755798340e-01
1.111996248364448547e-01
-5.102675557136535645e-01
-2.781880497932434082e-01
-5.595041811466217041e-02
7.553689479827880859e-01
-3.593253791332244873e-01
2.109929323196411133e-01
2.793055772781372070e+00
9.019867777824401855e-01
3.811115324497222900e-01
-5.510492920875549316e-01
2.815657854080200195e-01
1.556532621383666992e+00
-5.772417783737182617e-01
3.116677403450012207e-01
-5.769006609916687012e-01
1.670173183083534241e-02
-4.205740928649902344e+00
-2.798992693424224854e-01
-9.727517515420913696e-02
-4.732708036899566650e-01
4.997339546680450439e-01
3.183119058609008789e+00
2.692380249500274658e-01
1.225644871592521667e-01
-4.800595343112945557e-02
1.365428045392036438e-02
-4.214434623718261719e+00
-3.410522639751434326e-01
-4.182268381118774414e-01
-3.493308126926422119e-01
-5.887765884399414062e-01
3.195246160030364990e-01
-4.420222938060760498e-01
3.276900649070739746e-01
-3.185445070266723633e-01
-7.291270792484283447e-02
3.540108919143676758e+00
-8.653289079666137695e-02
3.311975896358489990e-01
9.475166797637939453e-01
-4.550580382347106934e-01
-1.850425720214843750e+00
-3.410501480102539062e-01
3.568441569805145264e-01
7.453323006629943848e-01
9.163112640380859375e-01
2.394553184509277344e+00
5.072286128997802734e-01
-2.022232115268707275e-02
-4.347296059131622314e-02
-2.739340364933013916e-01
-3.418011665344238281e-01
4.833931848406791687e-02
5.512312650680541992e-01
-1.512962430715560913e-01
-2.517865002155303955e-01
-7.166968584060668945e-01
7.129087299108505249e-02
5.641958117485046387e-01
-8.759145736694335938e-01
3.982843831181526184e-02
2.539176225662231445e+00
2.236308343708515167e-02
1.467914041131734848e-02
-4.177670180797576904e-01
1.695931330323219299e-02
2.568433046340942383e+00
1.034914851188659668e+00
6.451832056045532227e-01
-2.204930186271667480e-01
-7.233277559280395508e-01
-2.313772201538085938e+00
1.608318388462066650e-01
-3.069663941860198975e-01
-9.473139047622680664e-01
1.135882958769798279e-01
5.065542697906494141e+00
8.699872344732284546e-02
2.533191144466400146e-01
-8.987025618553161621e-01
2.017576247453689575e-01
1.490224599838256836e+00
-9.180220365524291992e-01
-4.257314801216125488e-01
-7.879590988159179688e-02
5.184465646743774414e-01
2.156353235244750977e+00
-8.364077657461166382e-02
2.049336880445480347e-01
9.970685094594955444e-02
-4.460835158824920654e-01
1.685087203979492188e+00
7.488236427307128906e-01
1.739455945789813995e-02
-3.400684893131256104e-01
-4.381969869136810303e-01
-1.718641042709350586e+00
1.259682625532150269e-01
4.327793717384338379e-01
5.392676964402198792e-02
-7.059167325496673584e-02
-4.792240142822265625e+00
3.735605254769325256e-02
2.101048380136489868e-01
-3.727113604545593262e-01
-1.798226386308670044e-01
-3.904555082321166992e+00
-7.898485660552978516e-01
-3.944423794746398926e-01
6.295830011367797852e-01
-1.794936954975128174e-01
-2.433284997940063477e+00
-9.251282215118408203e-01
1.863126903772354126e-01
1.149005413055419922e+00
-2.179607599973678589e-01
-1.608562350273132324e+00
-4.929217994213104248e-01
-2.019445300102233887e-01
9.901945590972900391e-01
3.339729011058807373e-01
1.522741556167602539e+00
3.842658400535583496e-01
5.098677277565002441e-01
-7.199286222457885742e-01
7.458892464637756348e-02
-1.906676292419433594e+00
-6.385682821273803711e-01
-1.350065171718597412e-01
-2.026082575321197510e-01
-3.248834908008575439e-01
-3.561668395996093750e+00
8.599728345870971680e-01
2.011252343654632568e-01
-3.816048502922058105e-01
-9.619817137718200684e-01
-9.550392031669616699e-01
-6.267179846763610840e-01
8.477567136287689209e-02
-6.698202490806579590e-01
-5.980904698371887207e-01
1.481140017509460449e+00
-1.129935495555400848e-02
1.713549494743347168e-01
-5.938833355903625488e-01
6.364468932151794434e-01
3.846460342407226562e+00
4.633177518844604492e-01
1.476822197437286377e-01
3.750890195369720459e-01
-6.807253956794738770e-01
-4.069766044616699219e+00
-6.668843626976013184e-01
-6.219750642776489258e-02
3.488242030143737793e-01
4.865801930427551270e-01
5.961782336235046387e-01
-5.386417508125305176e-01
5.591797232627868652e-01
8.288897275924682617e-01
-2.160581499338150024e-01
8.411853909492492676e-01
7.459452748298645020e-01
7.727811336517333984e-01
-4.083882272243499756e-01
-1.326901763677597046e-01
-3.113809823989868164e-01
8.096440434455871582e-01
-5.705224871635437012e-01
-1.347826272249221802e-01
2.744829058647155762e-01
1.628615379333496094e+00
1.058448433876037598e+00
4.167933762073516846e-01
-1.185031607747077942e-01
1.233100444078445435e-01
2.951623916625976562e+00
1.034147620201110840e+00
-8.880866765975952148e-01
-1.065107583999633789e+00
1.881461143493652344e-01
1.987536430358886719e+00
1.721924841403961182e-01
-5.036367177963256836e-01
-9.167299270629882812e-01
-9.466785937547683716e-02
8.848730921745300293e-01
9.400596618652343750e-01
9.531837701797485352e-02
1.579629071056842804e-02
4.363866448402404785e-01
-2.877747416496276855e-01
7.001453638076782227e-01
4.712270200252532959e-01
-1.864124238491058350e-01
-2.282900065183639526e-01
-6.305848360061645508e-01
8.113239407539367676e-01
-1.343652725219726562e+00
7.649009674787521362e-02
1.103220731019973755e-01
4.603376865386962891e+00
-1.870956122875213623e-01
2.752990089356899261e-02
-6.027156114578247070e-01
-6.195470094680786133e-01
2.343180656433105469e+00
-2.568433992564678192e-02
3.342275917530059814e-01
3.898724019527435303e-01
-5.008994936943054199e-01
-2.760247707366943359e+00
4.794927239418029785e-01
-3.078681826591491699e-01
1.622926741838455200e-01
8.897632360458374023e-02
-2.808073043823242188e+00
-6.400673985481262207e-01
-5.653601884841918945e-01
-5.941626429557800293e-01
-8.364600688219070435e-02
-2.762688159942626953e+00
3.816321492195129395e-01
4.920343160629272461e-01
-4.351780116558074951e-01
2.312358021736145020e-01
-5.648415684700012207e-01
5.303097963333129883e-01
8.512285947799682617e-01
4.207665026187896729e-01
-6.086225509643554688e-01
-4.881938397884368896e-01
-6.818383336067199707e-01
7.362428903579711914e-01
-3.157156944274902344e+00
4.147529602050781250e-01
-8.155808448791503906e-01
-7.549365758895874023e-01
-1.176110148429870605e+00
1.933837980031967163e-01
2.373322099447250366e-01
4.587693810462951660e-01
6.160628199577331543e-01
6.394427418708801270e-01
-1.179280877113342285e+00
-7.196866869926452637e-01
3.546555042266845703e-01
4.852159619331359863e-01
-2.497286349534988403e-01
1.856161236763000488e+00
1.160159230232238770e+00
7.184441089630126953e-01
5.973344445228576660e-01
7.024090290069580078e-01
5.032603740692138672e-01
-5.310227870941162109e-01
-5.841044783592224121e-01
2.492405176162719727e-01
1.795265793800354004e+00
-2.249178171157836914e+00
-5.927068591117858887e-01
-5.160565972328186035e-01
5.454335212707519531e-01
-5.368562340736389160e-01
2.314468860626220703e+00
-1.042180418968200684e+00
-3.846173286437988281e-01
-5.411435961723327637e-01
-2.054972648620605469e+00
1.159034371376037598e+00
6.473381519317626953e-01
5.209676623344421387e-01
9.666596651077270508e-01
-4.804919362068176270e-01
3.479403853416442871e-01
