-2.784413695335388184e-01
2.713795304298400879e-01
-4.844503104686737061e-01
-7.334284186363220215e-01
3.372180163860321045e-01
6.640031933784484863e-01
-1.227738782763481140e-01
-1.399963736534118652e+00
-1.189715713262557983e-01
3.057538270950317383e-01
3.822079002857208252e-01
-6.096320748329162598e-01
-2.134736299514770508e+00
-4.643519520759582520e-01
6.100687012076377869e-02
-1.544056683778762817e-01
2.303620278835296631e-01
1.582744956016540527e+00
1.466096788644790649e-01
-1.754555255174636841e-01
-1.219170738823177141e-35
1.397103132898876069e-24
1.686192391341149088e-38
6.800137841222990395e-33
-1.271215285118684357e-20
2.349041849374771118e-01
1.752915531396865845e-01
-4.402443468570709229e-01
-3.563587963581085205e-01
2.284750193357467651e-01
5.395873188972473145e-01
-1.766531765460968018e-01
-1.249883651733398438e+00
-1.999464929103851318e-01
2.073920071125030518e-01
-7.249149680137634277e-02
8.411854505538940430e-02
3.446998834609985352e+00
2.188855409622192383e-01
-3.184843659400939941e-01
-8.390007615089416504e-01
1.364702638238668442e-02
1.296915650367736816e+00
-5.256339311599731445e-01
3.443484008312225342e-02
-4.366264406555153497e-38
-9.215326861074615033e-39
-2.066076697878053209e-38
5.097737440517929303e-39
-3.823517981317060694e-20
-1.737618893384933472e-01
-4.109633564949035645e-01
-1.283306956291198730e+00
-2.273625582456588745e-01
2.427130937576293945e-02
1.637239456176757812e-01
1.383571773767471313e-01
-8.348924517631530762e-01
-1.503334641456604004e-01
1.434562206268310547e-01
-2.007089257240295410e-01
-4.853973090648651123e-01
-9.508134126663208008e-01
9.162088483572006226e-02
-2.690429985523223877e-01
-9.813144803047180176e-02
2.092223018407821655e-01
2.813898563385009766e+00
3.424512594938278198e-02
2.731274580582976341e-03
-7.919396739453077316e-05
4.753806279040873051e-04
3.745829741616176823e-27
2.293850411660969257e-04
-7.275692187249660492e-04
5.551953315734863281e-01
1.349699497222900391e-01
9.114315509796142578e-01
-1.308597326278686523e-01
-1.166450157761573792e-01
-1.706388294696807861e-01
8.899300545454025269e-02
1.552344799041748047e+00
7.193023562431335449e-01
3.069895505905151367e-01
5.960981249809265137e-01
1.193373203277587891e-01
1.687669903039932251e-01
-1.335359364748001099e-01
2.930591106414794922e-01
4.442655444145202637e-01
-9.425996243953704834e-02
-1.642073988914489746e+00
-2.894713357090950012e-02
1.926448754966259003e-02
-1.686682850122451782e-01
1.264470219612121582e-01
-1.107882618904113770e+00
3.952224552631378174e-01
-1.567649394273757935e-01
-4.855680465698242188e-01
2.824128866195678711e-01
2.210314750671386719e+00
2.009194940328598022e-01
-1.845839917659759521e-01
-1.998071521520614624e-01
-1.062714383006095886e-01
-2.137044370174407959e-01
9.445116668939590454e-02
3.715830147266387939e-01
1.242392560357741260e-11
1.207456079566071594e-10
-8.679801322131197594e-11
-2.619268135717334189e-10
-2.398672371839438711e-09
5.277515649795532227e-01
1.266163587570190430e-01
1.215127825736999512e+00
6.488260626792907715e-01
-1.079669669270515442e-01
2.947761714458465576e-01
4.586647450923919678e-01
-6.760396957397460938e-01
-1.148142069578170776e-01
1.148692369461059570e-01
5.099767446517944336e-01
3.531992137432098389e-01
1.505627393722534180e+00
4.158076047897338867e-01
6.022547185420989990e-02
1.506272852420806885e-01
-5.471624732017517090e-01
-8.232880234718322754e-01
-2.489261329174041748e-01
2.467158287763595581e-01
-2.403716295957565308e-01
2.634541392326354980e-01
4.443778097629547119e-01
4.491983652114868164e-01
2.551352679729461670e-01
4.023382280138321221e-05
1.907456316985189915e-03
-3.434104201005538926e-07
-3.255804404034279287e-05
-1.277395989745855331e-02
-1.510506868362426758e-01
-5.919590964913368225e-02
6.621500849723815918e-01
3.560344278812408447e-01
2.753550112247467041e-01
3.239093115553259850e-03
3.377685789018869400e-05
5.868738517165184021e-04
2.350383001612499356e-04
-8.171311346814036369e-04
-2.147910296916961670e-01
2.320727407932281494e-01
-2.477185010910034180e+00
-3.651231229305267334e-01
-6.935009956359863281e-01
2.612698972225189209e-01
1.646335124969482422e-01
-2.780444622039794922e+00
3.480705618858337402e-02
-1.935906410217285156e-01
4.877199828624725342e-01
-5.063672661781311035e-01
1.337537020444869995e-01
-2.717789709568023682e-01
9.329122304916381836e-02
8.237865567207336426e-02
-1.075627729296684265e-01
-2.206003904342651367e+00
5.736027956008911133e-01
-6.817980408668518066e-01
-2.438152134418487549e-01
-3.325764089822769165e-02
-1.627884268760681152e+00
-4.159399271011352539e-01
-1.644340455532073975e-01
-1.407530691878945281e-20
5.471352402175097551e-14
2.663250408058710007e-38
3.723931156929954911e-13
-6.369794647298476775e-08
-9.819573163986206055e-01
-2.761790715157985687e-02
1.945275962352752686e-01
-6.319980025291442871e-01
-1.291730880737304688e+00
6.554991602897644043e-01
2.791343070566654205e-02
-1.319311499595642090e+00
-1.387067735195159912e-01
9.192120283842086792e-03
1.043566837906837463e-01
2.886036932468414307e-01
2.345167100429534912e-01
1.258861064910888672e+00
-7.231317162513732910e-01
1.119181871414184570e+00
1.238478794693946838e-01
2.386793494224548340e-01
4.164763689041137695e-01
2.306916415691375732e-01
-3.502982258796691895e-01
-4.689420163631439209e-01
-7.759406566619873047e-01
-3.043547570705413818e-01
-2.526359856128692627e-01
-8.602404594421386719e-01
4.086433649063110352e-01
3.045011460781097412e-01
-3.371490836143493652e-01
-4.276697337627410889e-01
-7.461269497871398926e-01
-3.427803516387939453e-01
4.089342355728149414e-01
-2.057371437549591064e-01
2.574230916798114777e-02
1.904413402080535889e-01
-4.008078873157501221e-01
-1.100395560264587402e+00
4.592432975769042969e-01
-3.185596168041229248e-01
-3.358235359191894531e-01
-4.702052772045135498e-01
-1.023548007011413574e+00
-1.679504364728927612e-01
-9.508135914802551270e-02
2.074840631394181401e-05
1.638355752220377326e-05
-1.615396401713486974e-12
6.442213361879112199e-06
-3.999627078883349895e-04
4.451630711555480957e-01
2.501177787780761719e-01
-1.861739397048950195e+00
-9.370677918195724487e-02
-1.602588593959808350e-01
3.041185438632965088e-01
9.804443269968032837e-02
-1.385326623916625977e+00
-3.570059537887573242e-01
-3.041615188121795654e-01
3.175309160724282265e-03
4.258970320224761963e-01
7.256122231483459473e-01
-6.066145896911621094e-01
-3.134458959102630615e-01
-7.770187258720397949e-01
-9.863342642784118652e-01
-1.716553568840026855e+00
1.517843723297119141e+00
5.414866333097734241e-09
-3.750649988651275635e-01
-8.450657725334167480e-01
3.083202123641967773e+00
1.027909278869628906e+00
1.588034479577896813e-14
-7.886972427368164062e-01
-3.998832106590270996e-01
7.613863348960876465e-01
2.098482370376586914e+00
6.955059943720698357e-04
-6.915361285209655762e-01
-8.688485026359558105e-01
3.551556468009948730e-01
1.280793547630310059e+00
7.983432412147521973e-01
-1.920732975006103516e+00
2.283563315868377686e-01
2.353770867102866760e-08
-1.016549944877624512e+00
4.524051249027252197e-01
-1.177087306976318359e+00
5.629554390907287598e-01
-3.555682599544525146e-01
3.040352603420615196e-03
4.894201457500457764e-01
1.426933449693024158e-04
-2.423449039459228516e+00
-2.605311155319213867e+00
4.520401358604431152e-01
-2.255156517028808594e+00
1.173461437225341797e+00
-3.007166737845068383e-09
-1.802111983299255371e+00
1.076233267784118652e+00
1.550183653831481934e+00
8.202316164970397949e-01
7.538863420486450195e-01
-6.913062930107116699e-01
-5.624768733978271484e-01
1.011573076248168945e+00
-7.977594733238220215e-01
7.122412353055551648e-05
1.552819490432739258e+00
1.205102682113647461e+00
-7.486730813980102539e-01
5.068430304527282715e-01
