2.961854338645935059e-01
-3.556871712207794189e-01
-6.196933388710021973e-01
3.172772005200386047e-02
2.645868701907224977e-39
4.477701265632120249e-38
-9.377845253071614342e-39
-2.993094486564421344e-38
1.612652107803536255e-38
9.950788550986244999e-39
5.631730526577880210e-38
-6.693274088878202243e-38
-9.491463899612426758e-01
3.127010166645050049e-01
-2.191548794507980347e-01
1.764820814132690430e-01
8.105332404375076294e-02
-9.859380871057510376e-02
-2.654264271259307861e-01
1.583823263645172119e-01
-7.775531925337866587e-39
9.014524995032261721e-40
1.779369350519038447e-38
-3.216773110556263024e-38
4.577403931628523849e-38
2.038550151364242232e-39
5.163764101819678899e-38
-6.755935672047722223e-38
-3.745007216930389404e-01
-1.082914471626281738e+00
-1.112071156501770020e+00
-3.206650912761688232e-01
-1.948335806925549640e-12
-2.322764913742503268e-08
-1.217283696064441756e-08
-1.278375159017741680e-03
3.024502349564719199e-39
-1.425653171764628824e-38
-1.583077983973653856e-38
-2.666477037902664331e-38
3.824810527211444399e-38
-3.532938554232314091e-38
5.295122940904258711e-38
-6.122760642500710819e-38
-3.889672148969954342e-38
5.700129025660345991e-38
3.657442241229416898e-39
-5.939476408560882046e-38
1.104264107803114137e-38
3.129242123020984786e-38
5.784735223040885471e-39
-4.896935574475575992e-38
-1.212125826291059420e-25
7.167934695186565253e-26
-2.954564135674042670e-25
3.274908716370717249e-25
4.435757398605346680e-01
-8.105358481407165527e-01
4.461307227611541748e-01
-2.683784663677215576e-01
-2.260320484638214111e-01
5.715173482894897461e-01
1.084427610039710999e-01
-2.228436805307865143e-02
2.146562937643631295e-38
-4.014847618450854467e-38
1.805956606672212498e-38
-4.616812087821344950e-38
-8.574568629264831543e-01
-5.612591505050659180e-01
-4.069556295871734619e-01
-1.746196597814559937e-01
1.201199367642402649e-01
-1.226508095860481262e-01
-3.447369337081909180e-01
2.065679579973220825e-01
-2.800253033638000488e-01
8.947843909263610840e-01
1.268284440040588379e+00
-3.438964784145355225e-01
2.355479001998901367e-01
1.470438957214355469e+00
7.104323506355285645e-01
-2.912708222866058350e-01
1.012925580143928528e-01
5.108767747879028320e-02
-2.287600636482238770e-01
9.479135274887084961e-02
-4.180169707979075611e-05
3.547474625520408154e-05
1.873048313427716494e-05
-6.756222806870937347e-03
1.452023506915525394e-38
-2.858433627778506533e-38
1.627149381196055083e-38
-3.079962940185766809e-38
2.303081154823303223e-01
-9.817813038825988770e-01
-1.040710210800170898e+00
-2.944997847080230713e-01
6.865469217300415039e-01
-4.287657167900388558e-38
9.761237710313955643e-39
-9.238930940628051758e-01
2.710706293582916260e-01
-6.196845610751406708e-38
-7.967421533147114062e-39
1.584456920623779297e+00
-6.031807942008526879e-08
4.247549203254483644e-38
1.809728481748635608e-38
-5.593131480118360258e-38
3.424560449443275549e-38
-7.801270810126639495e-25
-1.008859515190124512e+00
5.678594112396240234e-01
-2.119277834855223484e-38
1.068699955940246582e+00
3.509138226509094238e-01
-1.605058550834655762e+00
-1.606266617774963379e+00
2.007954269647598267e-01
4.098476376384496689e-03
-3.708331796259836955e-38
1.400876641273498535e+00
-8.064342662692070007e-03
