-8.386021852493286133e-01
-1.309277534484863281e+00
-1.982221722602844238e+00
2.838933467864990234e-01
7.610324025154113770e-01
2.922615528106689453e+00
4.743523597717285156e+00
-7.695716619491577148e-01
-1.339167654514312744e-01
-1.857828974723815918e+00
-4.165242671966552734e+00
-1.643718600273132324e+00
-7.069313526153564453e-02
1.601343750953674316e-01
2.848172187805175781e-02
-5.346910357475280762e-01
3.439221680164337158e-01
1.009453415870666504e+00
-8.507779240608215332e-02
5.594628453254699707e-01
-5.197727680206298828e-02
8.368343114852905273e-02
-2.306401729583740234e-03
-4.059483706951141357e-01
4.944009184837341309e-01
1.693381816148757935e-01
-2.046722024679183960e-01
-4.458275139331817627e-01
1.160856708884239197e-01
1.180537462234497070e+00
1.062980175018310547e+00
4.974009692668914795e-01
-8.562994003295898438e-01
-1.157366558909416199e-01
1.523845911026000977e+00
-5.223182495683431625e-03
-4.744853079319000244e-01
-2.799071073532104492e+00
-1.164672493934631348e+00
-1.456219404935836792e-01
-3.141376376152038574e-01
-1.088570952415466309e+00
-5.146589875221252441e-01
-9.047014713287353516e-01
-4.548609256744384766e-01
-4.839141070842742920e-01
-2.191407084465026855e-01
-5.771251916885375977e-01
2.708173692226409912e-01
-7.819133996963500977e-01
-1.703112006187438965e+00
3.525303900241851807e-01
1.304685115814208984e+00
6.811962723731994629e-01
-3.441451072692871094e+00
2.933464944362640381e-01
-6.629903316497802734e-01
1.405012369155883789e+00
-2.550729751586914062e+00
-5.470390319824218750e-01
3.137118220329284668e-01
6.815338134765625000e-01
1.669134855270385742e+00
5.377638936042785645e-01
-1.667140424251556396e-01
-6.329745054244995117e-02
-5.550576448440551758e-01
-4.329407215118408203e-01
-9.970536455512046814e-03
3.240926265716552734e-01
-1.248582363128662109e+00
-7.770115137100219727e-01
1.161624677479267120e-02
2.650250911712646484e+00
9.251981973648071289e-01
-3.457617163658142090e-01
3.753352463245391846e-01
1.746948599815368652e+00
1.194590568542480469e+00
-1.562557220458984375e+00
7.235874533653259277e-01
-1.049540162086486816e+00
1.805823206901550293e+00
3.829671740531921387e-01
-4.327026009559631348e-02
-1.605221152305603027e+00
-5.781779289245605469e-01
9.288130402565002441e-01
6.995475888252258301e-01
-1.540986418724060059e+00
9.214572310447692871e-01
5.524881482124328613e-01
1.247751191258430481e-01
2.090793609619140625e+00
6.344963908195495605e-01
1.930953264236450195e-01
7.728083431720733643e-02
2.187699079513549805e+00
5.863931179046630859e-01
2.350788712501525879e-01
-1.453714847564697266e+00
7.519196867942810059e-01
2.167073631286621094e+01
8.660064637660980225e-02
2.282600641250610352e+00
-1.700859069824218750e-01
1.803734451532363892e-01
-8.885594606399536133e-01
2.099947035312652588e-01
1.914939165115356445e+00
1.891449570655822754e+00
8.603554964065551758e-02
-1.019394278526306152e+00
-3.596969544887542725e-01
8.122242689132690430e-01
-5.755217671394348145e-01
1.448870152235031128e-01
8.352265954017639160e-01
-8.454563617706298828e-01
-3.571203470230102539e+00
-1.184031248092651367e+00
5.635938048362731934e-01
5.612062811851501465e-01
-8.314069747924804688e+00
7.050937652587890625e+00
2.503696829080581665e-02
