-2.738028466701507568e-01
-1.025002956390380859e+00
-1.052953004837036133e+00
-2.512368857860565186e-01
-6.816195990168775196e-40
8.590940495236156017e-41
-1.085393942422823285e-39
-6.692431908501143028e-39
-5.321416905288849579e-40
-5.465412934184403456e-39
-4.466027888904908793e-39
-4.085023244245776981e-39
4.089316822740468220e-39
3.492821901535930363e-39
-2.974333061944962098e-39
-6.822100031698794757e-23
5.226589636909524883e-39
-4.377803538889482635e-39
4.144410273163862728e-40
-1.020080121649875724e-38
-7.770787128737662757e-39
-3.426197166049606935e-39
1.970739917377100010e-39
-8.474502401940013992e-39
-5.534620262740477522e-39
3.261625871802371769e-39
-3.466641442326949806e-39
-8.077724741766442038e-39
6.676904559135437012e-01
-6.369896531105041504e-01
-8.290898203849792480e-01
-1.487930864095687866e-01
-2.945469878613948822e-02
1.332651376724243164e-01
2.997030913829803467e-01
1.564414203166961670e-01
-1.502971649169921875e-01
4.168652594089508057e-01
3.277482688426971436e-01
-2.542341500520706177e-02
3.827177320317689016e-39
-3.466994569539959660e-40
3.861612828780007070e-39
-8.801324440177562428e-39
2.526542246341705322e-01
-5.966970920562744141e-01
3.419238626956939697e-01
-2.067986577749252319e-01
9.586955417708949494e-39
-3.975302975787608129e-39
2.424970814587989463e-39
-9.878307789217508161e-39
-7.228218913078308105e-01
4.050864577293395996e-01
3.933006227016448975e-01
-1.324376314878463745e-01
-4.227662816227864435e-39
1.600944259134102409e-39
1.717977904277582481e-39
-8.816276294791908226e-39
-6.460686569769569105e-40
6.170123129296425311e-39
-8.070739268921782825e-39
-8.513707930374893724e-39
-5.182513195012652087e-39
-2.993294031465741198e-39
-2.550153010301518347e-40
-8.259185886404184225e-39
-2.118207961320877075e-01
-3.941066265106201172e-01
1.118968985974788666e-02
-1.701620779931545258e-02
-5.923417528159719642e-39
-1.229106909028583549e-40
-3.404736280068472362e-39
-1.156959936554048882e-38
-1.774723485590415948e-39
-6.240853669283220453e-39
7.210521378029778720e-41
-6.793295970664779036e-39
2.709495648741722107e-02
7.246601581573486328e-01
7.442611455917358398e-01
-1.920970827341079712e-01
7.574141513940496852e-39
-3.645632097772087340e-39
-8.887673852847721980e-39
-1.225795921017076871e-38
-8.878571018023467969e-40
-2.540271053531099737e-39
8.060376666778100803e-39
-1.324411319535010845e-38
1.906436309218406677e-02
9.823885560035705566e-01
5.252845883369445801e-01
-1.767909079790115356e-01
1.142117102960227555e-39
-6.638352998165919687e-39
-1.005044889776902599e-39
-6.255076848696117346e-39
1.497189164161682129e+00
-1.351476418464519660e-38
-1.340598418745658970e-39
4.743217280782597960e-37
-4.388083464423769493e-39
-9.901154559379859978e-41
-1.203470854272993183e-38
1.224000453948974609e+00
-3.384074866771697998e-01
-5.264111161231994629e-01
-6.897304546582359933e-39
-7.484537959098815918e-01
8.465159945078360436e-40
-9.066189527511596680e-01
4.349994770864956641e-39
4.066294890270075800e-39
2.177680871991660345e-39
4.238580167293548584e-01
-1.016205111006478307e-38
2.346400009693296970e-39
-1.041790962219238281e+00
-5.063558369674582690e-39
7.111088041598218350e-39
-1.108732104301452637e+00
1.589075261141271208e-39
4.899354279041290283e-02
