-6.400482356548309326e-02
-5.469129681587219238e-01
2.206358164548873901e-01
-4.113020002841949463e-01
4.474233835935592651e-02
-1.927534937858581543e-01
-4.114480614662170410e-01
2.893272638320922852e-01
-9.013977833092212677e-03
-1.355601400136947632e-01
4.375039041042327881e-01
2.839415073394775391e-01
2.167095392942428589e-01
6.697703003883361816e-01
9.640950709581375122e-02
3.385986387729644775e-01
9.829171895980834961e-01
-9.316205382347106934e-01
-8.641176223754882812e-01
-1.182644516229629517e-01
2.260566651821136475e-01
-9.539218246936798096e-02
-1.166339159011840820e+00
-2.362225204706192017e-01
1.072281718254089355e+00
-2.119171619415283203e-01
5.393949747085571289e-01
-3.268870711326599121e-01
9.427010416984558105e-01
2.317772358655929565e-01
-3.282564878463745117e-01
-2.181470841169357300e-01
-5.692139267921447754e-02
2.170787572860717773e+00
1.210914373397827148e+00
5.767659544944763184e-01
2.746469974517822266e-01
1.265570521354675293e+00
1.643558442592620850e-01
3.852990865707397461e-01
-2.045019418001174927e-01
1.676033139228820801e+00
7.239096760749816895e-01
-4.822611510753631592e-01
-4.685018658638000488e-01
-1.502032279968261719e-01
-1.144186377525329590e+00
2.725617885589599609e-01
-3.693574294447898865e-02
-4.880960285663604736e-01
-1.006504893302917480e+00
3.243574500083923340e-01
1.364448189735412598e+00
7.011051177978515625e-01
-9.239181131124496460e-02
-3.830976188182830811e-01
-4.348543658852577209e-02
-1.150645136833190918e+00
6.597657799720764160e-01
-2.592990398406982422e-01
-3.357139527797698975e-01
-3.045741617679595947e-01
1.364280190318822861e-02
1.875424683094024658e-01
1.890652179718017578e-01
1.982666403055191040e-01
-3.369539231061935425e-02
3.841560781002044678e-01
1.261147260665893555e+00
1.073343977332115173e-01
-4.605221748352050781e-01
5.806450545787811279e-02
4.401270151138305664e-01
-4.308212995529174805e-01
5.944573879241943359e-02
-4.949727356433868408e-01
-5.152233839035034180e-01
2.989713251590728760e-01
-4.065321087837219238e-01
-5.577204227447509766e-01
1.441993564367294312e-01
5.844361782073974609e-01
8.816767930984497070e-01
-3.960188105702400208e-02
1.614648476243019104e-02
1.855411410331726074e+00
3.360721170902252197e-01
7.122719287872314453e-02
-4.517744481563568115e-01
8.994072079658508301e-01
5.376728773117065430e-01
-2.606469690799713135e-01
8.124001324176788330e-02
4.431369006633758545e-01
-2.449271529912948608e-01
-4.081322848796844482e-01
5.003064870834350586e-01
9.883458018302917480e-01
1.011356949806213379e+00
-9.964731335639953613e-02
4.635366797447204590e-01
8.053303509950637817e-02
-8.352989703416824341e-02
-3.431361615657806396e-01
-3.188486993312835693e-01
-4.008398354053497314e-01
4.533617198467254639e-01
-5.940259099006652832e-01
-6.842725872993469238e-01
7.617949247360229492e-01
-1.061243891716003418e+00
2.245134115219116211e-01
8.154251575469970703e-01
7.344213128089904785e-01
7.854081690311431885e-02
4.984523169696331024e-03
3.912791013717651367e-01
-1.736597716808319092e-01
-4.543375968933105469e-02
-3.744940757751464844e-01
-5.439794063568115234e-01
1.226330548524856567e-01
1.397574305534362793e+00
9.913518279790878296e-02
-2.231515496969223022e-01
3.294750675559043884e-02
-3.788596093654632568e-01
2.077155560255050659e-01
7.070497274398803711e-01
6.566869616508483887e-01
3.164201974868774414e-01
3.907080888748168945e-01
2.402650117874145508e-01
-2.056895196437835693e-01
3.646817207336425781e-01
-4.880929887294769287e-01
6.070373654365539551e-01
1.522420644760131836e+00
4.369070827960968018e-01
-5.243582129478454590e-01
-7.759702205657958984e-01
-8.889201879501342773e-01
9.378829598426818848e-01
1.169207319617271423e-01
-3.761523365974426270e-01
4.348907619714736938e-02
-5.852634310722351074e-01
3.315113782882690430e-01
-4.933935403823852539e-01
-9.502665400505065918e-01
-2.329641729593276978e-01
2.127414047718048096e-01
7.320092320442199707e-01
-9.163569808006286621e-01
5.420678853988647461e-02
3.230321407318115234e-01
-3.560336828231811523e-01
-8.744112849235534668e-01
-1.333209872245788574e-02
1.807297319173812866e-01
-1.581037044525146484e-02
1.920930147171020508e-01
-1.262981891632080078e-01
-4.467406868934631348e-01
-1.252034157514572144e-01
-5.339823365211486816e-01
-1.219069123268127441e+00
2.689802944660186768e-01
6.557416915893554688e-02
-6.439894437789916992e-02
3.426699042320251465e-01
-2.778599560260772705e-01
-1.243904083967208862e-01
9.398313760757446289e-01
-4.431519210338592529e-01
-1.006534025073051453e-01
-2.648826241493225098e-01
-4.783981442451477051e-01
-7.569655179977416992e-01
3.237799406051635742e-01
-9.399458020925521851e-02
1.719410419464111328e-01
-1.279952883720397949e+00
-2.000601291656494141e-01
1.620098948478698730e-01
3.710458874702453613e-01
7.941004037857055664e-01
1.926903724670410156e-01
-1.481955349445343018e-01
4.021694883704185486e-02
-4.925836324691772461e-01
-3.188984990119934082e-01
2.975195646286010742e-02
1.541175246238708496e-01
-1.232370436191558838e-01
-1.899822354316711426e-01
2.476518787443637848e-02
7.042381763458251953e-01
1.223288536071777344e+00
2.378087192773818970e-01
-2.329423278570175171e-02
-1.104509010910987854e-01
4.039927944540977478e-02
1.293201148509979248e-01
8.053192496299743652e-01
3.631917536258697510e-01
-6.451406478881835938e-01
-2.962746322154998779e-01
-9.232673048973083496e-01
-7.672823667526245117e-01
-1.806793928146362305e+00
4.076608419418334961e-01
3.489772081375122070e-01
-9.108273983001708984e-01
-9.269018173217773438e-01
-4.557045176625251770e-02
5.654496699571609497e-02
-5.021161437034606934e-01
-1.330792158842086792e-01
9.396546334028244019e-02
-4.454391896724700928e-01
9.152716398239135742e-01
8.522562384605407715e-01
-7.313796877861022949e-02
-1.399106740951538086e+00
-9.420009702444076538e-02
7.436138391494750977e-02
-5.654744505882263184e-01
4.282600581645965576e-01
1.310957521200180054e-01
7.070651650428771973e-01
-5.428988486528396606e-02
2.340993881225585938e-01
-8.570989966392517090e-02
2.675474166870117188e+00
-6.065818667411804199e-01
-1.197636500000953674e-01
3.457329273223876953e-01
-4.518035352230072021e-01
2.347328364849090576e-01
-5.861996114253997803e-02
7.012345790863037109e-01
-1.074686050415039062e-01
2.456239610910415649e-01
2.120840698480606079e-01
8.554350733757019043e-01
3.540665805339813232e-01
-1.025307774543762207e-01
-3.250419348478317261e-02
6.988613009452819824e-01
1.541717499494552612e-01
