-2.165467292070388794e-01
-1.213980555534362793e+00
1.091201305389404297e-01
9.285891801118850708e-02
4.302005097270011902e-02
2.481621652841567993e-01
7.434656620025634766e-01
-4.172252118587493896e-01
-4.771343171596527100e-01
-6.784914731979370117e-01
-1.748543500900268555e+00
-2.947833575308322906e-02
-5.812785029411315918e-01
-4.422212839126586914e-01
4.660938084125518799e-01
9.118053317070007324e-02
-3.352556526660919189e-01
5.516914129257202148e-01
4.082056879997253418e-02
1.387061327695846558e-01
-5.727674961090087891e-01
3.480089902877807617e-01
-2.313297539949417114e-01
-1.121124550700187683e-01
-8.822076916694641113e-01
-8.373376131057739258e-01
1.883148998022079468e-01
2.538416385650634766e-01
7.765817921608686447e-03
2.519913576543331146e-02
6.715374067425727844e-03
-2.350238524377346039e-02
-4.384154081344604492e-01
7.158923149108886719e-02
-1.982286870479583740e-01
-5.071389675140380859e-01
-2.761066257953643799e-01
1.479685604572296143e-01
-1.143625497817993164e+00
3.383643180131912231e-02
-2.622980177402496338e-01
9.208674430847167969e-01
-8.495357632637023926e-01
-1.228688135743141174e-01
2.758929431438446045e-01
8.705566078424453735e-02
-1.402381539344787598e+00
-1.281020492315292358e-01
-1.121122539043426514e-01
3.395119681954383850e-02
-1.375427842140197754e+00
-2.102807760238647461e-01
1.262702792882919312e-01
1.162113904953002930e+00
-6.860028505325317383e-01
1.833905279636383057e-01
-3.760024309158325195e-01
4.846531748771667480e-01
3.148497641086578369e-01
-5.658447742462158203e-01
3.953588306903839111e-01
6.135415434837341309e-01
-3.573593497276306152e-01
-3.253001272678375244e-01
-5.733489990234375000e-03
1.596265435218811035e-01
4.267462491989135742e-01
-3.768485784530639648e-01
2.147351503372192383e-01
2.217267751693725586e-01
5.418425798416137695e-01
-4.774852693080902100e-01
1.456058025360107422e-01
3.994921147823333740e-01
7.963928580284118652e-01
-5.222228765487670898e-01
-4.986583292484283447e-01
-2.275378406047821045e-01
-9.704753160476684570e-01
1.085416972637176514e-01
5.052399635314941406e-01
-7.859734296798706055e-01
-9.183418750762939453e-01
-4.788396060466766357e-01
-9.484399557113647461e-01
-1.117022037506103516e+00
-2.948799431324005127e-01
3.286505639553070068e-01
7.328587770462036133e-02
2.959187626838684082e-01
3.767545223236083984e-01
-5.058351755142211914e-01
4.722995162010192871e-01
-1.106632314622402191e-02
3.131892085075378418e-01
-3.723528683185577393e-01
1.099573373794555664e-01
-5.094999074935913086e-01
1.301935166120529175e-01
-4.251670539379119873e-01
-4.150481224060058594e-01
-5.977016687393188477e-01
-3.979821801185607910e-01
1.499394923448562622e-01
5.908940434455871582e-01
-2.594723999500274658e-01
-9.588811397552490234e-01
-8.429781347513198853e-02
7.736370563507080078e-01
-6.398002505302429199e-01
-4.297721087932586670e-01
-1.605828553438186646e-01
6.735458374023437500e-01
9.777097702026367188e-01
9.985506534576416016e-01
3.472525253891944885e-02
-7.540125250816345215e-01
7.815077900886535645e-01
1.018388748168945312e+00
-6.316108256578445435e-02
-4.446241855621337891e-01
-7.280668020248413086e-01
-1.541921138763427734e+00
-4.545840434730052948e-03
-7.548098564147949219e-01
-5.576938390731811523e-01
-3.934266865253448486e-01
1.245016884058713913e-02
-2.619967460632324219e-01
4.535519182682037354e-01
3.555531427264213562e-02
-3.597760796546936035e-01
-1.107752919197082520e-01
1.834771037101745605e-01
4.240431785583496094e-01
-4.950371980667114258e-01
-5.819332599639892578e-02
8.336895704269409180e-02
-1.009890437126159668e-01
-2.766921222209930420e-01
5.294260382652282715e-01
3.932778239250183105e-01
1.102395534515380859e+00
1.146516646258533001e-03
-3.903210461139678955e-01
-1.140949964523315430e+00
-2.698536217212677002e-01
-8.711517602205276489e-02
1.551765799522399902e-01
-2.964693307876586914e-02
2.059144377708435059e-01
-1.986066997051239014e-01
-7.766387425363063812e-03
1.014071702957153320e+00
5.972037911415100098e-01
-8.391041308641433716e-02
4.738943576812744141e-01
1.986815929412841797e-01
-7.450330257415771484e-02
-4.893821775913238525e-01
5.482280254364013672e-01
-1.445161104202270508e-01
-1.180408835411071777e+00
-7.832420617341995239e-02
4.333153367042541504e-01
4.344089925289154053e-01
2.819238603115081787e-01
6.180727109313011169e-02
-1.823885738849639893e-01
3.403977751731872559e-01
-2.041284143924713135e-01
-3.948262333869934082e-01
7.341142892837524414e-01
-9.860925078392028809e-01
7.318485062569379807e-03
2.366213826462626457e-03
5.302379131317138672e-01
-2.254604101181030273e-01
1.965211629867553711e-01
-5.636250972747802734e-01
-1.755468249320983887e-01
1.693788766860961914e-01
1.260837912559509277e-01
-2.283011078834533691e-01
1.388269513845443726e-01
7.432482242584228516e-01
9.615673422813415527e-01
-3.704302608966827393e-01
1.216798424720764160e-01
6.940113306045532227e-01
1.122491002082824707e+00
-5.281158164143562317e-02
4.261377453804016113e-01
4.677140116691589355e-01
9.889751076698303223e-01
-1.910451985895633698e-02
1.020319387316703796e-01
7.380360364913940430e-01
5.951510667800903320e-01
-8.645665645599365234e-02
3.245609700679779053e-01
-4.915003478527069092e-01
-7.331617474555969238e-01
-1.489228606224060059e-01
-1.748325228691101074e-01
3.583375215530395508e-01
5.299076437950134277e-01
-8.594177663326263428e-02
9.453962743282318115e-02
9.172005951404571533e-02
4.136683940887451172e-01
-5.993410348892211914e-01
5.679526925086975098e-01
-2.652275860309600830e-01
-1.019398942589759827e-01
-7.016788125038146973e-01
-1.164196431636810303e-02
-6.953202188014984131e-02
-9.307240247726440430e-01
-2.786116302013397217e-01
2.179006040096282959e-01
2.595744729042053223e-01
-2.524299919605255127e-02
-8.663949370384216309e-01
7.268887013196945190e-03
8.525943756103515625e-02
2.905081808567047119e-01
2.844053804874420166e-01
-4.757415354251861572e-01
-3.553581833839416504e-01
1.015338301658630371e+00
-2.723246812820434570e-01
1.736462488770484924e-02
-1.066082715988159180e-01
2.758005261421203613e-02
-7.964470386505126953e-01
-5.742393732070922852e-01
1.301793754100799561e-02
7.116557359695434570e-01
8.786217868328094482e-02
3.799443542957305908e-01
4.090728461742401123e-01
1.103904098272323608e-01
-2.941257059574127197e-01
5.536776781082153320e-02
8.585532009601593018e-02
-2.500746011734008789e+00
-9.732506275177001953e-01
6.719529628753662109e-01
-7.317241430282592773e-01
-9.525693207979202271e-02
