-8.955682627856731415e-03
1.362467110157012939e-01
3.389793932437896729e-01
-2.392924726009368896e-01
7.830109447240829468e-03
-7.801582664251327515e-02
8.234404325485229492e-01
-4.395180344581604004e-01
-2.476247102022171021e-01
1.001845121383666992e+00
5.312910079956054688e-01
6.329565495252609253e-02
-4.999993443489074707e-01
-6.927206516265869141e-01
-3.399027287960052490e-01
5.558226630091667175e-02
-3.295524716377258301e-01
-3.413796424865722656e-01
8.310822158819064498e-05
-2.447592914104461670e-01
2.274698764085769653e-01
1.022121012210845947e-01
8.693619370460510254e-01
-1.680045872926712036e-01
-2.672577500343322754e-01
9.914989471435546875e-01
6.477545946836471558e-02
-1.507701277732849121e-01
5.203378200531005859e-02
3.639312982559204102e-01
5.552999973297119141e-01
-5.313839912414550781e-01
8.033615946769714355e-01
-6.163148283958435059e-01
6.977601349353790283e-02
-3.034164607524871826e-01
1.611931808292865753e-02
1.900657638907432556e-02
-7.201872300356626511e-03
-5.337739363312721252e-02
-5.000718832015991211e-01
-6.594337821006774902e-01
-1.328557580709457397e-01
-4.475524723529815674e-01
4.386743903160095215e-02
8.334969878196716309e-01
-1.094676017761230469e+00
-2.189240306615829468e-01
-9.382952004671096802e-02
-2.601278126239776611e-01
-6.027674302458763123e-02
-2.063425034284591675e-01
-2.739576399326324463e-01
-8.754628300666809082e-01
-5.444348454475402832e-01
2.226548343896865845e-01
1.064937114715576172e-01
-4.452437460422515869e-01
-3.009629249572753906e-02
-4.856790006160736084e-01
-3.822146356105804443e-01
-7.306360006332397461e-01
-1.768593639135360718e-01
-4.780276417732238770e-01
7.228874564170837402e-01
3.938538134098052979e-01
-1.532111018896102905e-01
-1.068244129419326782e-01
-4.988506138324737549e-01
-6.476625204086303711e-01
-4.651470482349395752e-01
-3.145113587379455566e-03
-2.962222993373870850e-01
-1.431623399257659912e-01
3.923091292381286621e-01
-3.991245031356811523e-01
4.985589087009429932e-01
9.320591688156127930e-01
-2.137729525566101074e-02
-4.567697644233703613e-01
-6.478382349014282227e-01
-3.814549446105957031e-01
3.931654989719390869e-01
-3.839386403560638428e-01
-1.096898615360260010e-01
-1.268040109425783157e-02
4.416956007480621338e-01
-2.952958345413208008e-01
1.799851506948471069e-01
-3.589539825916290283e-01
-9.820911884307861328e-01
1.341049820184707642e-01
5.387409031391143799e-02
1.877811178565025330e-02
2.290712483227252960e-02
-5.382151156663894653e-02
-7.798273563385009766e-01
6.185838580131530762e-02
5.319163203239440918e-01
-2.352637499570846558e-01
1.002220064401626587e-01
-2.569853961467742920e-01
2.693467438220977783e-01
-3.041673898696899414e-01
-6.353100538253784180e-01
1.259260058403015137e+00
4.661020636558532715e-02
-2.565708756446838379e-01
7.889005541801452637e-01
-9.308187365531921387e-01
-4.628058373928070068e-01
-1.039915978908538818e-01
8.892557770013809204e-02
-1.287708759307861328e+00
-1.798003166913986206e-01
2.712318301200866699e-01
1.329106688499450684e-01
-2.738672494888305664e-01
7.951659709215164185e-02
-2.310953587293624878e-01
-3.826034963130950928e-01
-9.978627562522888184e-01
-8.088576793670654297e-01
2.426600782200694084e-03
4.051835238933563232e-01
6.163811087608337402e-01
2.236532568931579590e-01
-5.157620906829833984e-01
1.013938426971435547e+00
6.459077000617980957e-01
1.711300946772098541e-02
-2.787928581237792969e-01
3.473397493362426758e-01
-1.266634941101074219e+00
-8.853244781494140625e-01
-4.171432852745056152e-01
-3.147964477539062500e-01
-6.204146146774291992e-01
3.513008058071136475e-01
1.961988396942615509e-02
1.065541878342628479e-01
-2.179228365421295166e-01
6.217023134231567383e-01
-1.802452653646469116e-02
2.588167488574981689e-01
-4.238763153553009033e-01
3.494646027684211731e-02
-3.485493063926696777e-01
-9.106381237506866455e-02
9.180704355239868164e-01
3.601977527141571045e-01
-3.009667098522186279e-01
3.747650384902954102e-01
-3.187623918056488037e-01
9.982154369354248047e-01
-4.414669051766395569e-02
-1.084278821945190430e-01
-1.823688298463821411e-01
-2.345713227987289429e-01
-3.126781284809112549e-01
5.819249153137207031e-01
6.652410030364990234e-01
-3.108891248703002930e-01
-3.681708276271820068e-01
-3.818205296993255615e-01
3.370557129383087158e-01
-9.204102158546447754e-01
2.400996629148721695e-03
1.845585256814956665e-01
3.352482020854949951e-01
2.018889039754867554e-01
-2.707623839378356934e-01
-1.186695918440818787e-01
-5.746899172663688660e-02
1.679994165897369385e-01
-1.666725277900695801e-01
-3.624999821186065674e-01
-9.940793514251708984e-01
-6.645171642303466797e-01
2.939340472221374512e-01
2.444659471511840820e-01
2.861597836017608643e-01
6.834133267402648926e-01
-2.547040581703186035e-01
-5.362402200698852539e-01
3.253256082534790039e-01
-3.572889044880867004e-02
-1.098788231611251831e-01
7.692590951919555664e-01
-3.074817955493927002e-01
-1.703915297985076904e-01
-5.395190790295600891e-02
-2.495911717414855957e-01
-2.186758518218994141e-01
-9.103751182556152344e-02
-3.888266384601593018e-01
-7.539646625518798828e-01
-1.236345648765563965e+00
-6.962792873382568359e-01
-3.115870058536529541e-01
-2.097695507109165192e-02
-1.115491747856140137e+00
-4.250161349773406982e-01
1.230538859963417053e-01
-1.595879793167114258e-01
-2.923163771629333496e-01
7.507907748222351074e-01
-4.068422317504882812e-02
-1.008467152714729309e-01
5.492524802684783936e-02
-1.186465740203857422e+00
6.401448845863342285e-01
-1.475892513990402222e-01
5.051458477973937988e-01
-3.510010242462158203e-02
-1.152370333671569824e+00
-3.953658640384674072e-01
3.675600513815879822e-02
6.960791349411010742e-02
1.326090455055236816e+00
-2.116778194904327393e-01
-6.662024650722742081e-03
1.766179502010345459e-01
3.153297351673245430e-03
3.184622526168823242e-01
7.677071541547775269e-02
-6.977582573890686035e-01
4.497789740562438965e-01
3.234660625457763672e-01
-7.929293438792228699e-03
1.329820394515991211e+00
2.035585880279541016e+00
-1.136339068412780762e+00
-1.386512875556945801e+00
-1.487689316272735596e-01
-4.138655066490173340e-01
2.473994717001914978e-02
-2.686477422714233398e+00
-4.098893105983734131e-01
-5.452289059758186340e-02
1.014469265937805176e+00
-3.275849623605608940e-03
-5.980652570724487305e-02
-1.607897691428661346e-02
1.823670566082000732e-01
-1.550079584121704102e+00
-7.645120024681091309e-01
-1.600512117147445679e-01
1.394299715757369995e-01
1.944342970848083496e+00
-1.008836030960083008e-01
