2.699310146272182465e-02
3.782164752483367920e-01
4.183885753154754639e-01
-4.329924657940864563e-02
-2.393603026866912842e-01
-2.829065024852752686e-01
-1.007803916931152344e+00
-2.418541759252548218e-01
-1.901234112248124758e-38
-2.202165760058807874e-39
1.135117897390617959e-38
-1.714938207648769088e-38
-1.174430485028172107e-38
1.798370677435590101e-38
-4.875201435293898079e-38
-9.091266020818438296e-27
-2.999557275081887400e-38
1.199667309851276332e-38
1.959597913027560524e-38
-3.955781767140791967e-38
-2.577719986438751221e-01
-1.471786051988601685e-01
3.411951363086700439e-01
-1.108819767832756042e-01
1.870989240705966949e-02
-6.020444631576538086e-01
3.653792142868041992e-01
-1.721685230731964111e-01
-2.192273573809599693e-38
-1.630899816405974023e-38
-2.355052747450809850e-38
-2.600601436575368951e-38
-2.712748473714055521e-38
-1.806286472330714560e-38
-5.964828139858060906e-38
-3.562100234234120976e-24
-1.635952057889250719e-38
4.882636724945605558e-39
-1.491982093145133283e-38
-2.209383428059005709e-38
6.179814934730529785e-01
4.480830132961273193e-01
7.691856622695922852e-01
-2.255817204713821411e-01
-1.973598450422286987e-01
-1.167316675186157227e+00
-7.939720153808593750e-01
-1.187491789460182190e-01
-1.404074253514409065e-03
-1.800593584775924683e-01
-3.742031455039978027e-01
9.879311174154281616e-02
-1.818757402915669417e-15
-9.313288691595644491e-24
4.809449093703219414e-20
-1.057621557265520096e-05
5.288322567939758301e-01
9.200247526168823242e-01
9.985680580139160156e-01
-2.253314703702926636e-01
-2.168295532464981079e-01
-5.568680167198181152e-01
-5.222253799438476562e-01
-4.960416629910469055e-02
2.318092379415471340e-38
-2.143625395672867181e-38
-3.530561391517433472e-38
-3.882806066754455604e-38
1.104089506014459264e-38
-8.186927931091275033e-39
-4.358866951961982787e-38
-4.505127479175885569e-38
2.297395060967547360e-38
-1.586334881864437596e-38
-5.689994835166348914e-39
-3.300950510606719110e-38
-6.888046167628565867e-39
5.396078647987461562e-38
-1.523268323438727744e-38
-5.982298968591876995e-38
-1.328450982747966428e-38
-1.344715854023384580e-38
-1.750070161447856576e-38
-2.901585492948617815e-38
-2.534715059371306367e-12
-2.410387688056569999e-11
-1.001813225716421202e-18
-5.469125695526599884e-03
3.666734993457794189e-01
9.222428798675537109e-01
5.452909469604492188e-01
-1.290978640317916870e-01
-2.718986868858337402e-01
1.255501508712768555e+00
4.447248280048370361e-01
-4.521584212779998779e-01
4.852581114963381152e-38
3.137786400277358925e-38
-4.029847117212987308e-39
-4.401845616641903522e-38
-3.628173941756461940e-25
-3.388384385434496745e-24
-1.771095470056417967e-35
-1.190701550513040274e-05
5.439247843241901137e-07
2.064326281470130198e-06
2.791366859877797424e-10
-3.377254353836178780e-03
2.081908732652664185e-01
6.177241206169128418e-01
5.209649205207824707e-01
-9.373278170824050903e-02
4.001751923782353321e-38
-2.099247114086778819e-38
7.104392637535674374e-39
-4.379210722807357617e-38
4.420955123799901052e-39
-1.932489934365043370e-38
4.981085228816438446e-38
-5.904258415036085013e-38
2.240228354930877686e-01
5.774945616722106934e-01
2.495596110820770264e-01
-6.699424237012863159e-02
2.541095577547508459e-38
-2.963440208462379565e-38
-3.034412612564117170e-38
-5.253860306323750148e-38
2.241975963115692139e-01
1.006097793579101562e+00
-2.664021551609039307e-01
-3.534079492092132568e-01
7.766257732108735065e-29
-3.983818289106255086e-29
-7.232763702304425935e-29
-6.227687068170565854e-28
-9.001490093520718803e-22
-5.173380613569135248e-22
-1.631698944410054094e-35
-1.191973595382478379e-07
-1.406451761722564697e-01
-9.063335657119750977e-01
-3.168751895427703857e-01
-7.307542115449905396e-02
-1.359784717059501500e-38
-2.306580152011657238e-38
1.413926405565926592e-38
-3.712386593496207246e-38
-1.581036895513534546e-01
-1.436801791191101074e+00
-3.179753422737121582e-01
-3.974409401416778564e-01
9.522453649396078165e-40
-1.450386229789808278e-38
5.732214556597991327e-39
-3.525469072898077086e-38
-6.659519611469546049e-39
1.617206327812591911e-39
-5.972828713310277017e-39
-1.830727920145468020e-38
1.967016555253511825e-37
1.865614646713298665e-38
-3.406547878723151486e-38
-2.692006173532490720e-09
7.604132103673976587e-40
-3.240987828279488728e-38
2.434518421544820172e-38
-3.067940640140938473e-38
6.733206353581877579e-11
-3.862501345258878169e-32
1.801808390725941635e-21
-1.556247589178383350e-04
3.950991848730036877e-39
-3.958554656541997915e-39
6.824432822542076471e-39
-1.317461159411652618e-38
-1.441356688737869263e-01
-5.701780319213867188e-01
-1.023648738861083984e+00
-2.030834853649139404e-01
-3.004165304951973129e-39
-1.124062353156327315e-38
4.931603698482971966e-39
-2.308300245876615951e-38
-2.183882679673843086e-05
3.743098568520508707e-05
-6.731465109623968601e-04
-2.403493784368038177e-02
9.608831088035524214e-39
3.756233782964316502e-38
1.072855404023737687e-38
-4.977801145735446805e-38
2.148666987287815008e-40
1.650439802452212137e-38
2.432797627030629296e-38
-2.712497361029248514e-38
-7.686812182328139897e-07
5.340958608712753630e-08
-9.670637837189133279e-07
-3.595071320887655020e-04
-4.259344041347503662e-01
1.042346358299255371e+00
2.684580132503583778e-38
-1.014653245863354758e-13
-1.617320533637434383e-38
3.949805200099945068e-01
-8.513221740722656250e-01
3.202303302613644963e-38
-9.105432380307476592e-11
-2.826947011804513623e-38
-9.953381419181823730e-01
1.357501745223999023e+00
2.660391330718994141e-01
9.447101234627552913e-08
-1.331917285919189453e+00
7.127531170845031738e-01
3.023418024813024655e-38
-5.825872021019297666e-38
6.082940224299685357e-38
5.999438530368726698e-38
-6.153879277497972032e-39
-2.314355951966717839e-04
-1.085660099983215332e+00
-1.423419117927551270e+00
8.391918278243495223e-39
-8.029943501242087223e-07
3.469558432698249817e-03
-7.221512794494628906e-01
-1.716884611215716259e-38
-2.588859956742791309e-38
-5.457947254180908203e-01
-4.721294022360174770e-38
1.124368786811828613e+00
-3.948838887417875725e-28
2.773824735440716394e-13
8.114202618598937988e-01
5.441575446007773993e-38
-1.446852326393127441e+00
5.014389048638967779e-38
-3.309966745185877848e-38
6.374478278559081446e-09
-1.121131817677884825e-38
-2.260587962155113928e-06
5.347002933689263549e-38
1.176411032676696777e+00
-5.197871145921959217e-38
7.503362838178873062e-03
-2.373669277809057910e-38
-1.728625670658754603e-38
-1.305769001191947609e-05
-3.419306501746177673e-02
