1.461195647716522217e-01
7.804120779037475586e-01
8.887861371040344238e-01
-1.471103072166442871e+00
-1.349453687667846680e+00
-1.936127424240112305e+00
-5.852098464965820312e-01
-1.148254275321960449e-01
-2.690608054399490356e-02
-7.465549111366271973e-01
9.445809125900268555e-01
5.231643319129943848e-01
8.014145493507385254e-01
1.181428506970405579e-01
-6.050952076911926270e-01
1.130525946617126465e+00
5.504903793334960938e-01
2.805944383144378662e-01
7.339572906494140625e-01
2.928501963615417480e-01
3.389045894145965576e-01
1.298683881759643555e-01
6.705733537673950195e-01
7.738479375839233398e-01
4.382941126823425293e-02
-1.084652423858642578e+00
1.331007033586502075e-01
-6.575682759284973145e-01
3.118138313293457031e-01
5.921891927719116211e-01
3.955378830432891846e-01
-1.697726249694824219e+00
-2.013639062643051147e-01
-9.100703001022338867e-01
-1.139802098274230957e+00
-1.955525726079940796e-01
-8.320476412773132324e-01
-9.298093914985656738e-01
2.174497097730636597e-01
-6.952637434005737305e-01
2.745827734470367432e-01
6.119908094406127930e-01
1.164801836013793945e+00
5.274093747138977051e-01
4.436116814613342285e-01
-1.640186607837677002e-01
-4.646883010864257812e-01
7.021961808204650879e-01
-5.804570317268371582e-01
-8.842849135398864746e-01
2.969015240669250488e-01
-3.673787117004394531e-01
-3.495271205902099609e-01
2.430323213338851929e-01
1.167604327201843262e-01
5.884460806846618652e-01
6.842575073242187500e-01
5.779855847358703613e-01
-5.561354756355285645e-01
1.314681529998779297e+00
4.816885888576507568e-01
-9.186017513275146484e-01
-8.222565650939941406e-01
-2.229111343622207642e-01
5.567427277565002441e-01
7.157995700836181641e-01
2.186088413000106812e-01
-4.351792484521865845e-02
-5.754059553146362305e-01
-5.908663868904113770e-01
2.796461805701255798e-02
5.458751320838928223e-01
6.516366600990295410e-01
1.015034556388854980e+00
-9.531725645065307617e-01
4.926325678825378418e-01
-3.133967399597167969e+00
-2.034621685743331909e-01
-4.912968277931213379e-01
8.676739931106567383e-01
-5.351876020431518555e-01
-3.976206779479980469e-01
3.281625211238861084e-01
-4.464793801307678223e-01
2.556262016296386719e-01
4.865868687629699707e-01
1.859091997146606445e+00
9.974429011344909668e-01
2.720338702201843262e-01
-6.383494734764099121e-01
-5.649579763412475586e-01
5.313270092010498047e-01
-4.249209463596343994e-01
3.470099866390228271e-01
8.898850679397583008e-01
-7.312926650047302246e-01
-4.647134542465209961e-01
-1.711809188127517700e-01
-2.437037825584411621e-01
-2.012712240219116211e+00
-3.141721189022064209e-01
