6.033734418451786041e-03
-4.751641452312469482e-01
3.287633657455444336e-01
2.818686664104461670e-01
-4.717184901237487793e-01
-3.404738008975982666e-01
6.540165600199543405e-07
-9.849735533862258308e-07
-3.558658363544964232e-06
-3.118993043899536133e-01
5.023055672645568848e-01
4.937410950660705566e-01
-4.654171690344810486e-02
-6.968986392021179199e-01
1.270721405744552612e-01
5.423508286476135254e-01
2.651914656162261963e-01
2.592142820358276367e-01
-8.792998194694519043e-01
-1.076385021209716797e+00
-9.065358899533748627e-03
-9.632669687271118164e-01
-4.567849040031433105e-01
-3.497079312801361084e-01
-3.482075265223152221e-23
-3.375293878294236496e-38
-1.911963160482576029e-21
-1.522828475572168827e-03
-1.448829891160130501e-03
-4.069055896252393723e-03
-6.862758309580385685e-04
-1.074003521353006363e-03
-1.973295118659734726e-03
-4.826637208461761475e-01
-1.081339955329895020e+00
-1.098878961056470871e-02
-5.291841807775199413e-04
-1.542910933494567871e-03
-1.228538434952497482e-02
2.833632528781890869e-01
1.161923885345458984e+00
-7.996072620153427124e-02
-3.647602200508117676e-01
-1.103456616401672363e-01
5.293751955032348633e-01
1.527227759361267090e-01
-5.806934460997581482e-02
-5.570272356271743774e-02
5.526447892189025879e-01
9.165179729461669922e-01
-9.635730385780334473e-01
7.262504696846008301e-01
9.544011354446411133e-01
-9.634870886802673340e-01
-5.384912490844726562e-01
-4.262876808643341064e-01
1.173799410462379456e-01
3.844096064567565918e-01
1.143926382064819336e+00
-2.064381092786788940e-01
-9.591171517968177795e-03
-4.361230414360761642e-03
-1.853452622890472412e-02
-5.004901289939880371e-01
-7.757600545883178711e-01
1.785584837198257446e-01
-7.276900410652160645e-01
-7.196880578994750977e-01
7.284733653068542480e-02
-1.469441410154104233e-02
-1.976684201508760452e-03
-2.769037894904613495e-02
2.483657300472259521e-01
-5.480933189392089844e-01
-6.238811612129211426e-01
3.457536995410919189e-01
5.198506712913513184e-01
-9.878406217467272654e-07
-3.980073034763336182e-01
-4.635967612266540527e-01
-3.293702900409698486e-01
1.127901315689086914e+00
-9.606657624244689941e-01
1.923209274765666539e-39
-3.921936149708926678e-04
1.245696446858346462e-03
9.863341450691223145e-01
-5.842117592692375183e-03
-8.486996293067932129e-01
3.898773193359375000e-01
6.272830069065093994e-02
-1.459062695503234863e+00
-1.386151313781738281e+00
4.199351668357849121e-01
1.125340700149536133e+00
6.544381380081176758e-03
-1.000915884971618652e+00
1.067217469215393066e+00
-7.278364500962197781e-05
-7.619175314903259277e-01
1.700440645217895508e-01
