-7.052996009588241577e-02
-8.408810496330261230e-01
-1.597162149846553802e-02
-4.594776034355163574e-01
-5.217142701148986816e-01
-3.460334986448287964e-02
-1.388940364122390747e-01
-1.942167729139328003e-01
2.103524655103683472e-01
4.050419926643371582e-01
6.315262913703918457e-01
-7.119704484939575195e-01
5.812362432479858398e-01
7.344874739646911621e-01
-8.004446029663085938e-01
-3.958872854709625244e-01
-5.403093695640563965e-01
1.622488498687744141e-01
-9.402908384799957275e-03
-2.705046674236655235e-03
-2.203289791941642761e-02
4.615040030330419540e-03
4.007971584796905518e-01
-9.234081208705902100e-02
-3.310682475566864014e-01
-7.040072083473205566e-01
-8.279645442962646484e-02
-5.722465515136718750e-01
-1.621185392141342163e-01
-2.872648537158966064e-01
-6.458613093803357644e-15
-2.607027943278987580e-27
-1.335195737745551239e-14
1.188287055559067440e-11
2.462548220893978623e-10
-2.054681313978790058e-09
3.257924914360046387e-01
-3.675569593906402588e-01
-3.273756206035614014e-01
-3.426738679409027100e-01
-1.068047955632209778e-01
-2.393425554037094116e-01
-2.785148322582244873e-01
-9.088855385780334473e-01
1.565940082073211670e-01
-7.596468094561714679e-06
-1.124771006288938224e-05
-4.301508306525647640e-05
-6.945624351501464844e-01
-7.301154732704162598e-01
-6.423489190638065338e-03
3.239961415602010675e-06
1.454182211091392674e-06
-1.313829898208496161e-07
-4.295228421688079834e-01
-1.333757638931274414e-01
-3.006881177425384521e-01
5.087565137301136491e-24
2.300835695163069103e-24
-1.416188813918270598e-23
2.520357966423034668e-01
-5.079265236854553223e-01
-5.001407265663146973e-01
-5.047128796577453613e-01
-2.834187448024749756e-01
4.159339144825935364e-02
-3.324069976806640625e-01
-6.005094647407531738e-01
-1.276022493839263916e-01
1.799704693257808685e-02
-3.020907044410705566e-01
2.112632840871810913e-01
1.440183371305465698e-01
-1.579798460006713867e-01
1.645428538322448730e-01
-7.836751341819763184e-01
6.329619884490966797e-01
-2.113249003887176514e-01
-9.863448739051818848e-01
-1.190931558609008789e+00
-5.921015143394470215e-01
2.153510693460702896e-03
-3.334587812423706055e-01
7.257183194160461426e-01
-5.893804430961608887e-01
1.160001695097413678e-17
-3.051296770806288805e-09
5.448343157768249512e-01
-3.620873987674713135e-01
8.919144272804260254e-01
-3.910573468601796776e-06
9.400764107704162598e-01
-3.150270686091971584e-06
-4.793596863746643066e-01
-2.972142520440308782e-24
-7.221163511276245117e-01
5.069930553436279297e-01
6.395178437232971191e-01
3.010904192924499512e-01
-2.205505669116973877e-01
2.405261434614658356e-02
